14
11318.913374950816 1615.5821738714303 11318.609106986589 1615.8900491273685
2633.586194244234 1774.0884835536585 2633.918448814934 1774.3768652257713
5733.489862494169 168.203986703983 5733.504699838288 168.58955686057013
10565.916847983346 2891.191807902757 10565.622046470708 2891.6570213428154
3944.5976058042406 6242.797115508633 3944.919448572088 6243.089361449176
5866.401197334538 370.2088952899119 5866.1035883516215 370.6238775092454
13711.982637041727 4017.3114189124317 13712.02467876103 4017.707302932553
5236.395941121818 8873.754791375473 5236.078615640922 8873.296471243715
5096.877044608005 7102.734909867542 5096.588302479373 7103.062016074046
2580.4894825010538 2549.765433677873 2580.5046533006825 2550.192565331694
6818.010394954286 889.1969442677331 6817.993593261955 889.6082292909971
3375.4845240636814 512.8916884322075 3375.4944223467032 513.2908783435162
7244.61956076112 1348.7824387174774 7244.91043774479 1348.5054259864405
4429.119412989182 309.65186728139037 4429.392662657146 309.92999914922234
10535.612001254944 1801.7782022475076 10535.889592247731 1802.1018717066931
12965.68749237687 506.2154175899182 12965.880033307141 505.7886040142415
14922.480437643946 444.95379971544486 14922.490223455892 445.3122879124103
10094.903036992186 3105.985624766209 10094.59926537856 3106.3950676690924
16241.603114102003 169.25812225198925 16241.905060679514 169.7356181823378
5246.907841339578 3715.6355473845892 5246.581393126776 3716.0856864554876
8843.899731213896 12434.799482989194 8843.61041309913 12435.229376968226
3362.002124733193 5600.380548004214 3362.0159540507493 5600.796815257347
6698.9213894383565 1830.3531857936541 6698.6135952016575 1830.6926274397167
16090.102717543832 377.19685684647834 16090.401153691157 377.4797142398909
9808.985096173403 70.34901794046306 9809.01284987217 70.74812164682079
13957.976247001223 619.4259190192718 13957.99342012859 619.8258947675313
7751.61258916138 13176.966053285812 7751.893460213366 13177.446643299147
12418.983658101723 3773.4900777476014 12419.00096561098 3773.8497764449485
2026.3963349022763 3467.114466201289 2026.0936030460582 3466.8235977059912
5034.50844963109 7214.180190750469 5034.481024199933 7214.614055029708
8018.905903658052 10894.997730445024 8018.598730773266 10894.685408249683
11588.875697918738 8099.469018220774 11588.61359673955 8099.148568845013
9511.10773880039 11095.932819687601 9511.419391154326 11095.595043920825
2078.913658518416 3353.651688162341 2078.6167160465907 3353.3524500396516
11739.484270275403 5809.507724041236 11739.48383061825 5809.915935560673
2146.3985118498667 1819.1139157160374 2146.10551042171 1819.4429152620403
10060.39191862624 1999.2290397360584 10060.10930597407 1998.7854608076252
9906.524842323786 1773.8111352580408 9906.493413114658 1774.2291771505447
1113.4957524772885 1035.9548769157016 1113.509488084119 1036.3524206461068
11257.976557383116 5101.547656891126 11258.01261616386 5101.975284046767
2150.5942598849433 3147.6009572490225 2150.8958219879787 3147.9031187639653
8044.212165109964 10759.096820632056 8044.388832328132 10758.644439922391
10046.575140139372 2745.7868665006035 10046.88825963297 2746.0611479827494
6875.924294803604 2113.517427550277 6875.624298017203 2113.9693364631535
15452.900391262703 1442.4083782961834 15452.581859213155 1442.6997076945336
8540.620878728232 559.004519271403 8540.902068996957 559.4500675920144
11692.100839668079 5432.1289110935895 11692.415710176192 5432.582591181358
8914.986985637064 7428.122405881398 8915.0135310348 7428.490125071822
13281.490118569012 5237.918461298172 13281.496262964925 5238.335363259616
1178.014534842377 231.0223777925603 1177.9918279255837 231.41024386068685
2714.900843294396 4101.87264952015 2714.5790913008827 4101.589606384459
9653.597306497735 7652.669195289264 9653.90391374655 7652.965174569221
4788.520153578022 7389.151115144573 4788.51847237434 7389.543269247323
9346.381239078199 10810.188744154848 9346.108135632963 10810.505102791916
4387.393100112447 7359.029420082728 4387.088922989184 7359.46716073074
9875.883064284879 7226.5261274771465 9875.577774674766 7226.231643123544
6053.584656647864 3224.6330456477685 6053.894370125445 3224.327194936146
4186.402124832465 59.378955658941365 4186.101598923499 59.658913641714804
8905.099957154556 7539.206660544606 8905.390261358476 7539.531814693578
1378.0816600084027 1815.570955239168 1378.4131534835517 1815.2926822637012
9804.517113912774 2525.1248449998907 9804.499339125265 2525.5318748137443
3499.9929918757903 6047.266372216745 3499.981823896958 6047.670880866919
15598.113496954742 1242.279553114284 15598.379624413432 1241.9858605882603
7437.482622347452 8204.535324310342 7437.491412434915 8204.94451460436
14021.919384328061 3866.3134730817715 14021.62139749067 3866.029873431622
13861.412134976561 725.2576966437082 13861.079470796436 724.963371566778
12890.008568808693 5323.2355202210365 12889.980549730437 5323.6447825982905
9224.880518383266 8852.08739021515 9224.591501422348 8852.418256432697
7314.483878783348 7236.684797910509 7314.486941475045 7237.091677893529
5557.0797802920415 3631.700303327688 5557.394593915588 3632.017093461651
2729.703094081435 2033.9132610701477 2729.9155724960947 2033.4340691407183
6755.5768477535385 9469.59867545788 6755.881479893959 9469.904772918026
1703.0127729468893 2339.3233568456376 1702.9840966177562 2339.7140360290564
6995.8772524336355 255.93745291739162 6995.587402134349 255.47293407916416
12547.10082168044 5713.655447233605 12547.405039204066 5713.937117884787
8369.921137836389 10940.028832867803 8369.582791587414 10940.462955363519
11464.383907484567 4489.9484666303315 11464.103960632978 4490.244306032511
3744.487012614894 3686.012388724171 3744.486374471142 3686.4123210863067
14216.020117966338 2839.4900778386204 14216.023611850027 2839.8851373194675
6669.47838136957 2632.9167635202666 6669.517993066057 2633.3361238342773
9240.516593711793 1358.1227658977318 9240.518117263025 1358.5413201442434
4780.998038416286 7680.5766870162715 4781.00277635902 7680.964371452339
5210.713596091581 1777.5329752848722 5210.903569339712 1777.0957103625883
10959.502194259101 3547.4567771524216 10959.508154616648 3547.836029169262
7499.001919730851 11584.622590697045 7498.991708483437 11585.017363114017
14481.484658273608 1884.2762173821334 14481.500046194653 1884.6631123833326
8533.417422975137 7683.857438204934 8533.09007733444 7684.133502543139
9186.480620143586 12464.047525091872 9186.511982160568 12464.43250183138
5514.481341520891 567.9095914555505 5514.495073202544 568.3316553207618
6746.020908844507 1027.7601049441262 6746.021258032703 1028.1821238148532
6287.585987803773 7288.91440260386 6287.877474686721 7289.242212777947
4966.404369631049 7133.039598212873 4966.094851392858 7133.3694886951325
7256.88434542642 1338.4740032904315 7256.623493764222 1338.0375151452697
10902.516751027804 7678.385544511602 10902.477915119174 7678.758441814529
2215.1172741601226 3665.419855945459 2215.387314068358 3665.1435398119847
2533.3854559166334 672.4956400295922 2533.0824004649917 672.785707800757
10454.020782936223 2725.565112081289 10454.013937275555 2726.0062869655358
6250.407060450882 10198.775539236494 6250.098690296968 10199.083815953289
3613.4067485944843 6253.964268885026 3613.0883963634424 6254.425238608396
6525.477674871102 1981.2685039885598 6525.490095070099 1981.6543612408186
